96 43 51 39 114 128 78 117 121 58 5 101 122 88 102 116 90 22 60 83 76 37 57 112 127 64 53 82 46 84 97 38 41 66 110 61 75 6 29 104 30 71 118 108 113 49 125 26 31 7 20 45 70 27 103 13 19 126 33 93 2 15 68 47 87 80 109 10 42 74 92 36 86 72 25 111 79 44 106 81 34 89 124 8 17 94 14 28 12 52 54 16 91 120 24 63 115 56 73 77 9 119 40 50 18 35 107 98 105 123 32 1 4 62 65 95 59 48 69 55 85 23 100 99 67 3 11 21
24 14 120 54 49 45 9 64 122 98 53 73 23 10 84 105 71 56 13 33 102 87 106 66 40 16 59 115 108 51 52 8 90 67 103 79 93 63 121 91 68 110 37 89 125 20 101 17 99 15 65 60 32 81 21 74 42 47 22 117 27 116 31 38 114 77 112 43 88 96 118 35 72 58 127 86 7 55 46 29 44 75 100 109 78 126 4 12 34 57 83 97 95 111 6 62 104 50 92 85 94 1 5 124 19 39 82 48 18 11 41 26 113 123 61 70 107 2 119 76 3 30 28 128 69 25 36 80
51 17 118 78 42 44 21 120 62 27 49 74 70 2 101 54 87 46 39 125 34 58 71 97 40 57 26 41 116 84 112 80 50 99 9 86 55 106 115 24 121 94 28 85 68 66 117 83 16 56 93 72 127 79 60 3 75 108 92 53 76 96 128 8 82 89 45 38 73 33 81 98 11 61 32 64 52 25 36 111 43 114 100 110 15 126 37 10 109 4 31 113 69 103 1 91 122 65 48 20 23 88 107 47 95 22 7 18 63 105 29 35 12 67 30 104 59 5 77 6 124 13 14 102 119 90 19 123
100 70 6 79 96 101 82 88 120 41 73 33 65 98 59 128 117 72 122 68 7 114 13 21 17 38 63 125 2 58 18 121 9 11 109 61 55 71 22 69 32 87 8 28 86 102 15 53 57 10 93 127 5 90 35 1 83 74 113 42 76 97 31 3 26 24 25 45 118 67 110 84 43 123 107 54 29 111 104 4 51 78 34 99 126 85 36 30 49 95 46 66 60 47 75 40 50 116 23 112 94 16 44 124 89 56 48 19 27 91 106 39 12 37 108 92 14 105 103 81 80 20 62 52 77 115 119 64
116 89 103 92 53 127 28 4 94 46 41 19 3 44 126 40 111 17 47 9 48 80 50 77 100 96 16 56 99 1 83 32 18 66 43 42 122 121 51 65 33 106 107 54 120 12 60 68 117 52 30 71 61 69 110 91 57 85 70 20 101 24 35 95 67 82 113 25 93 81 21 13 63 27 64 112 88 98 31 37 2 45 109 58 124 125 23 97 14 55 102 114 29 39 15 34 38 6 73 108 22 36 123 118 8 104 72 90 87 84 78 105 115 59 86 76 74 7 119 62 26 11 128 5 49 75 10 79
66 98 87 37 91 124 5 93 36 105 32 23 72 29 128 115 95 103 106 41 104 46 63 13 16 67 111 35 54 114 102 80 56 53 51 94 116 62 6 65 17 50 109 127 100 75 77 18 12 40 30 24 96 14 119 3 97 101 78 69 22 59 108 34 45 49 73 99 58 31 42 11 68 25 39 1 123 84 55 21 122 79 110 125 76 47 121 7 8 85 61 88 43 48 57 27 112 64 71 74 82 90 81 70 20 19 26 28 120 107 52 89 33 113 117 2 83 118 126 86 38 4 15 60 92 10 44 9
86 68 14 95 38 18 99 51 82 31 88 53 93 83 43 76 75 29 91 89 37 85 24 47 21 60 12 80 16 64 39 96 122 33 44 52 34 15 50 3 79 124 35 92 78 119 106 90 125 22 108 61 30 84 36 120 73 11 103 17 13 45 126 114 109 67 1 65 27 49 7 58 70 66 107 26 81 100 56 25 69 104 77 116 98 123 110 41 28 10 6 74 8 62 9 94 118 32 128 87 20 59 54 57 19 55 111 115 101 2 72 4 40 117 113 105 112 63 121 97 71 48 102 46 23 5 127 42
109 117 40 56 8 76 99 9 71 39 115 128 41 16 98 89 3 43 48 50 1 14 26 15 106 90 86 37 91 25 74 121 103 5 38 113 69 55 35 20 82 108 28 52 77 80 63 19 126 65 87 62 123 24 78 122 42 119 110 51 22 100 53 92 17 112 2 49 36 125 57 60 102 64 12 96 47 93 10 70 27 114 85 66 79 4 127 13 31 101 59 105 21 68 118 83 7 75 18 104 111 33 45 88 73 11 95 30 54 32 107 72 61 6 67 34 97 94 58 124 29 81 120 23 44 46 84 116
125 9 10 68 57 103 45 112 53 44 83 114 20 76 101 8 34 81 71 117 75 55 24 93 97 7 63 69 88 64 49 32 94 65 66 33 119 104 82 47 19 127 29 17 111 1 3 27 74 92 26 11 87 14 40 12 89 96 54 36 56 79 23 86 46 16 18 78 43 28 99 106 121 67 116 38 95 80 59 31 52 85 72 91 84 122 6 25 102 21 41 30 113 60 2 51 98 108 110 128 120 109 15 70 61 73 123 90 37 118 50 77 13 107 35 126 4 48 39 105 62 58 100 5 22 115 124 42
13 26 99 63 14 6 41 116 27 49 52 100 114 29 54 25 28 119 95 35 84 47 128 88 79 117 8 45 2 121 59 40 85 58 19 75 94 62 5 43 60 1 107 78 61 70 39 122 102 10 56 17 23 55 126 42 4 73 103 108 57 15 11 80 48 104 32 92 123 24 89 22 21 83 66 112 38 93 74 12 127 50 81 65 46 34 51 111 36 68 3 124 72 97 86 113 98 18 106 90 101 87 77 16 105 120 53 118 37 82 109 91 67 7 69 30 110 96 115 76 64 20 31 125 71 44 33 9

53 94 87 35 33 91 109 56 118 19 47 44 101 22 112 61 100 83 76 63 59 124 128 29 4 102 126 34 60 120 69 73 58 26 80 117 6 14 21 79 52 3 62 2 93 45 125 39 50 27 48 18 64 123 70 107 42 81 10 127 92 24 96 7 74 12 72 122 97 110 89 78 25 67 38 75 57 51 85 68 111 121 90 31 113 82 99 88 65 5 37 32 54 49 30 11 55 66 9 40 43 95 105 1 15 20 104 28 71 84 86 114 115 36 98 77 17 46 16 106 119 41 23 103 13 108 8 116
75 18 121 14 127 99 108 112 115 104 73 118 105 62 103 11 66 96 21 23 20 22 38 88 10 119 32 48 1 4 67 80 39 51 74 53 37 45 64 46 55 71 89 36 91 44 82 98 6 13 109 84 123 61 24 34 122 8 83 69 2 81 94 87 95 29 15 78 54 110 49 76 113 52 19 114 77 92 7 125 9 35 107 93 59 120 116 40 101 30 63 12 124 117 79 102 57 47 31 85 33 3 86 50 58 56 43 42 106 5 26 27 41 128 126 72 28 60 65 25 16 100 90 17 68 111 70 97
98 68 20 117 97 107 57 47 104 69 100 75 53 109 44 86 96 110 88 93 32 26 54 34 10 46 66 105 90 103 27 28 116 102 25 83 59 58 70 119 29 56 114 55 41 113 89 7 11 101 81 84 94 82 21 111 92 72 1 51 99 24 91 65 115 120 30 95 2 73 108 60 23 45 22 67 127 52 38 80 87 3 13 8 62 31 125 126 42 19 37 49 79 6 35 78 85 121 17 50 15 63 14 40 128 33 123 16 36 74 118 48 106 39 4 18 76 71 112 64 124 77 5 12 61 9 122 43
6 56 44 3 93 78 62 10 12 118 125 92 53 109 26 71 70 74 96 99 38 2 105 14 85 97 60 82 108 111 112 32 1 63 90 54 41 19 113 4 119 117 68 76 102 45 120 59 7 13 23 95 114 91 94 72 50 107 73 101 127 28 79 77 37 34 81 8 36 48 15 27 66 42 83 110 24 39 5 103 124 16 104 75 22 65 98 128 30 9 58 116 88 69 33 80 29 86 52 47 18 89 126 84 115 25 67 123 106 49 17 64 100 51 57 20 46 55 11 43 35 121 21 122 87 40 61 31
26 1 105 84 41 96 120 113 57 87 64 122 18 55 14 35 50 89 92 38 79 95 52 83 111 13 103 127 30 61 86 49 48 20 82 106 123 77 47 62 71 27 2 126 72 63 99 43 124 56 107 4 16 128 110 3 90 54 39 51 78 53 58 6 46 101 94 29 104 22 98 15 97 10 45 109 25 68 67 60 100 40 108 74 19 119 23 117 81 121 116 115 5 69 112 32 8 24 31 85 70 37 34 7 75 21 93 102 59 42 91 12 114 44 80 73 36 9 88 17 28 118 11 65 33 66 76 125
75 79 119 86 95 103 9 6 107 58 87 81 13 14 127 109 80 115 53 91 84 44 32 60 21 71 34 66 25 35 46 72 117 113 36 48 123 42 128 124 15 41 10 82 98 99 122 97 17 104 31 62 39 57 85 11 45 94 111 67 70 83 23 69 33 43 12 108 89 65 38 8 106 47 28 2 4 116 112 27 120 126 96 29 61 55 92 19 18 59 105 49 63 74 101 54 76 110 51 5 30 100 102 26 37 7 56 64 1 24 73 40 90 50 3 125 93 52 114 118 22 88 20 68 77 16 78 121
114 20 115 77 22 65 4 43 78 71 82 24 56 122 10 32 104 13 33 9 58 121 46 1 16 18 120 26 96 34 55 105 90 31 12 19 44 17 2 15 63 100 102 97 23 25 48 35 7 127 8 84 41 125 89 81 47 51 52 85 99 59 45 53 69 76 66 49 123 117 50 27 21 75 103 91 61 14 57 39 30 98 88 38 109 116 128 64 95 36 37 111 42 86 93 110 124 118 92 72 29 11 70 101 79 113 54 74 40 3 94 73 68 112 80 62 28 126 107 83 67 87 119 106 5 6 60 108
2 37 78 71 4 91 73 25 60 76 51 128 34 74 14 57 98 94 16 36 67 113 30 109 126 114 97 31 125 6 66 22 81 49 13 5 95 62 105 21 53 118 119 111 80 40 50 92 104 59 29 63 35 41 10 72 96 79 44 93 116 64 75 99 65 55 102 23 17 45 117 52 7 43 68 38 3 110 11 48 85 115 24 90 107 61 19 15 27 39 69 12 54 88 18 112 124 56 28 82 1 89 26 9 84 101 108 8 33 87 77 106 127 70 83 20 121 86 103 46 122 47 123 32 58 42 100 120
45 59 38 89 113 44 81 62 95 86 16 115 119 54 6 30 15 34 108 1 73 23 99 11 117 35 46 90 61 83 3 57 128 67 36 91 48 56 126 53 9 4 80 120 31 88 118 13 37 58 98 96 55 43 110 116 107 97 74 25 8 85 122 52 94 14 20 33 40 102 39 27 124 41 2 72 79 47 22 100 7 111 29 12 26 84 70 82 104 32 69 109 112 106 105 76 24 114 121 75 64 92 123 87 18 68 101 49 51 78 21 71 5 65 17 93 103 42 19 125 66 10 127 50 60 63 28 77
58 124 37 39 47 80 15 90 125 51 14 57 115 128 85 119 52 96 61 8 13 75 43 46 65 69 1 53 25 49 50 56 45 6 62 94 67 81 83 100 122 109 18 97 35 118 110 2 38 92 73 63 34 22 82 29 7 98 111 126 36 59 112 32 78 121 93 74 107 102 105 33 88 116 99 71 21 103 106 4 113 104 3 44 84 114 40 5 16 87 11 91 86 68 10 60 64 117 26 20 127 42 48 79 101 54 77 70 41 108 72 30 9 123 24 55 23 28 120 76 17 31 95 19 89 12 66 27

90 95 2 11 21 63 103 45 73 14 47 110 96 93 115 88 101 80 42 33 43 29 125 121 27 34 89 123 100 38 50 82 105 26 18 83 7 78 118 64 117 84 17 12 52 72 46 30 39 112 49 51 1 37 68 99 25 69 124 55 111 60 3 56 10 58 59 66 5 109 114 61 127 91 87 22 119 54 76 6 4 126 107 98 53 31 86 113 20 8 128 85 65 120 79 32 23 97 13 116 16 81 102 35 77 44 122 15 40 9 28 24 94 70 71 36 62 67 41 106 48 92 57 19 108 75 74 104
123 4 29 125 27 44 45 31 3 24 102 82 52 106 70 26 89 68 11 59 12 119 121 111 104 61 22 30 126 54 36 97 87 116 99 7 13 85 21 41 96 90 51 37 5 63 93 71 94 15 49 75 95 16 34 81 115 53 117 83 86 43 101 78 38 2 84 40 10 72 18 65 20 39 73 55 114 25 108 60 8 105 120 79 28 112 98 46 6 88 17 100 47 9 64 32 124 91 110 107 58 1 14 42 66 57 35 62 76 80 103 77 74 33 56 113 67 127 50 19 109 48 128 122 23 92 118 69
11 21 118 13 108 120 41 36 1 28 70 68 91 59 73 50 83 106 125 85 47 20 105 98 95 119 25 62 123 111 109 29 2 31 127 26 103 43 3 126 22 5 9 65 69 42 27 86 74 97 117 53 14 114 51 72 16 18 75 57 30 45 104 56 82 19 110 67 48 64 10 63 80 40 115 124 7 4 8 88 17 54 33 81 35 12 55 66 79 116 87 90 60 94 32 99 84 77 107 37 113 39 100 93 92 121 52 24 128 23 61 38 6 89 122 58 76 112 46 71 102 78 49 96 101 15 34 44
30 119 53 52 55 15 50 115 57 73 127 99 112 113 102 126 63 120 110 24 88 43 66 72 121 111 37 108 44 62 82 42 49 77 18 19 109 8 29 5 125 94 91 116 47 70 124 117 56 101 2 86 103 46 51 114 65 93 92 3 25 69 21 90 64 85 45 35 12 20 23 14 106 28 17 123 96 81 68 10 107 74 1 76 118 36 54 104 27 80 100 38 34 16 122 61 97 59 87 41 39 83 84 33 26 60 105 128 4 9 32 13 6 95 48 11 7 79 75 67 78 31 71 98 40 58 22 89
47 9 16 1 104 41 46 119 31 77 95 85 90 58 55 37 57 70 35 92 98 115 51 67 112 66 22 83 73 8 17 50 40 18 54 91 84 29 71 23 114 82 110 44 81 21 126 32 116 111 64 33 68 123 106 15 118 5 30 43 79 49 124 3 86 12 88 72 74 94 75 125 53 7 26 10 120 34 99 63 103 117 76 60 27 52 80 128 48 113 127 11 100 78 107 19 97 36 101 122 38 2 28 108 4 56 62 109 93 45 14 25 87 102 65 89 42 69 13 121 96 24 6 39 61 59 20 105
92 110 66 128 44 108 117 13 17 52 31 116 103 11 101 62 53 98 35 122 71 125 82 73 42 127 55 54 8 15 90 23 18 70 99 56 10 106 81 75 64 37 24 14 78 118 89 49 9 104 86 6 33 83 3 2 124 61 80 21 45 96 119 105 26 46 63 38 59 7 95 4 65 36 72 57 107 79 60 27 16 5 22 94 50 74 25 28 68 40 39 91 102 111 87 109 121 120 93 58 29 67 88 69 85 113 1 77 97 41 126 30 112 47 114 20 84 76 32 19 115 43 51 12 48 123 100 34
99 15 3 112 57 39 120 64 32 12 89 88 128 126 40 49 25 73 67 56 70 30 100 9 7 86 26 35 121 85 114 82 11 127 103 104 116 69 59 46 77 105 81 29 34 50 14 74 106 18 4 53 117 118 96 44 20 80 60 38 8 76 43 90 87 23 124 17 36 37 115 107 22 31 98 16 125 2 33 21 6 91 5 111 101 108 72 63 113 41 1 51 65 75 110 52 102 62 24 27 84 48 109 79 119 97 78 83 71 68 93 45 122 47 66 19 92 55 58 13 95 61 54 28 94 10 42 123
102 96 101 32 80 30 60 41 104 52 59 15 55 119 116 98 123 49 27 37 20 77 18 109 51 124 22 105 114 76 19 91 100 108 68 82 40 93 48 84 128 73 85 42 63 66 9 83 7 46 90 64 120 95 111 25 12 56 53 74 117 2 127 115 99 67 79 57 39 35 17 47 21 54 38 97 112 87 13 1 44 106 88 70 28 24 8 14 3 34 69 23 5 126 26 72 58 10 86 107 43 103 62 110 92 50 31 11 94 33 121 16 36 4 65 78 122 118 125 29 75 61 45 81 71 113 6 89
106 47 65 78 70 21 123 18 2 92 29 59 38 105 28 36 109 25 110 12 69 43 117 88 94 44 41 23 107 68 40 81 79 82 5 91 71 124 127 122 90 37 24 67 10 3 113 55 39 20 61 75 50 4 126 53 19 99 118 73 57 15 52 74 111 89 128 7 6 116 64 93 16 63 54 22 60 27 84 102 112 83 62 121 98 17 1 72 33 66 80 45 104 120 9 13 115 30 56 87 119 86 48 108 14 97 125 101 77 85 95 32 8 46 51 49 26 58 34 42 96 11 76 35 100 114 103 31
92 45 73 94 13 111 68 102 17 125 44 79 67 98 126 96 5 116 12 80 24 121 76 53 118 66 30 72 112 75 105 74 81 37 14 83 47 95 63 34 48 108 11 119 84 82 19 91 114 8 36 87 103 28 64 88 100 49 42 69 128 99 39 52 85 32 127 65 10 101 123 41 61 93 77 90 59 40 62 106 7 33 97 26 58 31 1 89 120 60 107 9 117 18 70 86 29 54 20 104 55 6 109 115 16 50 3 23 113 110 56 124 57 71 38 46 27 4 2 25 35 21 122 78 43 51 22 15

100 91 120 89 49 21 60 81 80 32 114 1 88 27 85 126 18 124 58 87 108 116 40 127 67 125 30 65 52 66 64 59 61 57 12 31 36 73 48 78 37 25 39 102 9 20 82 90 113 33 14 56 24 79 13 19 70 4 2 63 97 112 103 107 123 45 47 38 106 35 121 84 51 83 93 109 17 15 115 10 3 16 44 55 34 96 29 92 22 75 99 77 26 86 43 122 74 28 110 5 117 41 46 50 111 62 105 76 54 11 71 42 23 8 101 98 53 94 68 95 119 72 6 69 118 7 104 128
103 42 84 28 40 3 123 58 31 115 6 27 15 20 111 62 116 7 128 109 76 82 108 106 102 60 18 34 45 8 89 67 72 39 25 2 96 104 127 17 10 121 51 54 100 1 26 16 32 5 122 49 52 63 46 29 64 98 9 48 22 65 117 53 71 110 69 80 92 56 33 73 87 119 78 70 13 88 75 90 21 38 85 93 11 97 14 86 55 24 120 107 91 125 105 47 23 81 74 114 35 12 61 59 41 50 112 36 126 94 113 95 19 83 43 4 57 124 79 99 101 77 44 66 68 118 30 37
109 76 20 118 85 66 126 11 46 2 24 115 41 12 100 49 88 99 50 112 75 94 7 58 83 122 52 116 31 42 113 67 62 89 68 90 35 37 105 87 128 17 59 5 65 4 47 124 120 102 71 36 73 98 43 111 23 9 69 6 38 3 110 28 95 91 74 25 64 15 60 55 93 123 33 82 77 53 10 48 108 96 127 103 34 54 81 61 56 84 32 80 125 21 40 117 121 79 45 44 63 86 26 92 104 19 114 119 97 30 14 106 57 1 8 72 51 101 70 27 18 29 13 39 16 78 22 107
113 28 110 39 76 57 116 109 3 7 112 42 83 108 126 100 74 75 120 24 12 60 18 37 118 56 21 2 26 34 5 31 73 70 30 68 13 91 94 125 38 86 63 122 85 10 106 96 17 78 119 67 88 49 54 80 19 127 59 72 61 65 124 32 107 121 41 90 102 16 35 47 71 104 48 15 46 23 55 123 53 6 9 62 4 50 82 52 98 40 105 84 51 22 44 79 58 64 89 20 27 45 25 66 101 1 115 111 43 93 99 69 36 92 29 33 95 128 77 97 8 117 11 14 87 81 114 103
116 108 82 102 98 47 57 86 62 36 3 8 126 94 88 10 124 51 81 46 118 107 38 122 7 80 109 5 49 17 39 84 52 18 128 45 115 24 75 74 54 41 67 1 114 29 32 105 61 71 97 78 92 58 89 23 37 66 21 70 16 12 72 101 119 26 33 87 42 100 111 4 99 85 19 117 95 123 13 27 6 34 43 112 28 96 73 106 59 60 90 104 56 91 110 30 63 103 15 69 79 31 113 64 125 76 44 77 25 2 55 65 9 14 120 50 68 11 93 22 20 40 48 53 35 127 121 83
109 11 27 84 54 119 77 123 38 30 120 78 65 66 60 4 102 118 94 70 71 117 2 9 55 74 53 12 40 113 128 59 44 56 8 85 62 13 79 32 112 88 114 10 63 81 87 86 69 16 15 111 28 19 57 89 5 99 97 45 110 43 42 98 22 61 82 33 1 108 23 48 25 6 37 101 72 18 7 41 68 91 58 73 52 95 126 35 124 83 20 26 96 14 17 75 36 104 46 105 106 92 93 121 29 115 64 76 90 39 127 67 116 100 21 24 51 125 122 47 50 80 107 3 49 31 34 103
112 90 117 4 76 60 18 100 102 70 2 122 48 53 86 20 88 94 54 91 103 57 69 12 98 25 120 47 65 105 16 68 55 37 125 95 7 17 32 97 75 33 118 29 31 80 64 58 42 77 3 24 81 10 72 13 40 109 15 23 21 39 9 123 44 50 99 27 87 108 71 5 93 6 67 45 51 62 56 26 34 116 128 46 61 73 104 22 1 121 83 101 84 85 82 92 43 89 52 74 49 35 79 126 36 119 41 114 30 111 106 59 115 96 66 14 113 127 63 28 19 107 11 124 38 8 78 110
115 43 89 49 99 51 80 54 8 34 60 4 90 46 112 72 26 93 125 113 70 23 32 102 29 33 110 59 58 97 9 76 66 20 3 16 19 119 57 14 126 31 121 24 15 96 124 67 13 21 87 56 30 42 73 100 92 82 22 68 40 94 116 25 77 5 86 127 55 108 79 122 52 123 84 64 104 74 17 53 36 18 111 103 50 62 37 45 39 61 83 98 101 7 12 2 47 120 44 75 81 114 78 69 35 63 65 41 11 28 91 117 71 128 27 38 48 10 118 109 85 95 106 107 88 105 1 6
119 123 53 94 121 41 21 31 117 74 30 93 17 32 10 2 124 69 86 26 38 70 87 15 72 22 75 28 51 88 79 67 45 23 92 50 65 52 46 84 11 109 125 96 56 95 101 120 76 63 37 14 100 105 6 18 19 91 24 66 81 114 44 107 89 5 104 16 111 108 90 1 64 7 68 126 58 49 60 83 102 20 13 116 3 4 103 118 25 55 12 71 34 78 35 73 98 97 112 59 82 48 29 8 43 61 80 57 110 113 85 62 128 99 127 27 77 9 106 40 36 122 39 42 54 115 47 33
122 75 25 33 112 32 83 128 69 114 118 20 116 26 101 59 110 45 47 115 9 36 50 53 107 94 39 41 76 80 42 29 56 68 4 121 97 7 125 106 51 3 43 48 6 111 79 92 62 11 113 19 12 89 103 46 81 15 64 72 74 34 17 67 58 88 91 21 37 108 99 109 40 127 117 2 1 8 93 82 30 85 31 22 105 14 124 16 38 44 10 65 49 119 98 78 57 73 84 55 102 60 24 23 71 18 27 54 52 87 28 86 61 66 104 90 70 120 123 100 77 63 5 35 13 96 95 126

42 65 47 107 43 93 96 87 119 82 37 59 20 51 83 56 105 91 14 126 71 88 24 123 52 28 3 100 108 127 115 109 29 111 102 90 18 128 98 19 11 70 67 117 26 34 92 60 30 86 46 112 78 7 75 62 58 120 104 41 116 77 63 95 25 45 50 53 55 114 39 121 61 103 94 72 97 73 68 113 48 31 80 32 54 36 12 66 64 13 1 4 44 5 27 21 69 16 106 15 125 6 101 122 22 85 10 2 79 17 8 49 35 38 84 76 89 81 33 99 74 57 110 40 9 124 23 118
49 97 109 72 88 24 98 41 14 43 95 30 45 31 4 10 77 66 83 128 114 101 42 75 26 90 104 81 126 110 8 3 7 18 68 46 63 99 76 127 105 67 6 9 65 125 47 85 35 15 52 58 96 56 106 73 119 1 92 11 94 118 91 79 50 89 25 82 38 78 62 108 122 13 117 103 116 60 20 33 69 16 32 71 59 37 39 5 87 54 51 12 23 21 48 44 55 112 36 111 53 80 19 124 61 40 107 123 70 115 27 102 34 93 84 74 22 120 121 64 57 28 29 86 100 2 113 17
52 50 73 11 79 15 39 18 77 126 65 74 88 24 98 92 63 42 44 41 37 67 111 54 69 128 25 94 119 101 102 117 9 47 10 116 95 123 4 76 22 122 5 99 85 124 57 28 14 127 108 27 100 115 121 49 114 78 82 30 87 33 105 104 84 23 107 89 62 58 35 97 3 13 112 48 103 6 60 72 2 40 8 38 80 68 46 59 90 17 53 20 36 16 70 125 113 120 45 109 29 26 86 83 118 51 106 7 19 71 93 1 34 64 12 81 32 91 61 56 110 66 55 43 21 75 31 96
59 82 10 101 124 119 42 92 93 87 123 45 114 6 86 79 99 18 75 84 80 21 128 118 43 15 126 19 37 85 27 117 17 104 8 71 66 26 125 47 81 88 20 12 50 56 94 14 28 113 46 91 24 49 63 127 103 97 70 105 65 53 67 7 108 100 112 35 102 78 64 83 16 9 2 76 121 57 95 54 1 38 36 3 74 90 122 11 58 69 115 110 77 40 31 33 39 106 22 107 98 72 96 116 23 109 68 44 51 60 62 48 29 41 55 34 111 5 61 32 25 4 13 73 52 120 30 89
65 114 72 85 13 101 45 46 108 48 64 16 24 99 75 66 71 104 107 86 79 93 40 70 121 59 81 57 123 68 52 116 89 60 26 120 38 49 103 29 94 55 92 119 98 17 37 100 96 82 83 113 61 110 22 1 10 117 36 102 35 7 127 73 30 27 32 95 74 78 9 63 4 109 115 125 87 8 33 67 111 76 84 97 90 21 25 39 105 62 118 126 91 58 56 19 106 23 122 47 2 42 15 12 20 54 112 28 77 5 53 69 43 41 51 34 44 3 11 50 31 18 6 14 88 80 128 124
2 59 57 81 24 11 52 18 20 66 55 78 3 125 100 53 47 58 103 56 93 115 14 50 76 99 64 72 74 15 120 68 118 34 40 75 104 27 39 25 83 10 12 87 29 7 73 48 80 43 106 69 1 30 6 111 82 94 98 46 60 5 45 105 117 63 67 89 85 26 126 42 113 91 77 19 61 110 86 128 49 21 123 65 23 88 95 79 32 35 96 37 127 90 8 22 92 38 70 33 41 17 16 112 116 119 122 71 101 62 102 114 31 4 28 36 9 107 121 108 109 13 84 51 54 124 97 44
6 12 29 126 15 125 114 116 91 106 26 122 100 112 4 102 33 34 64 77 61 81 73 3 119 17 28 41 99 92 83 20 11 110 42 53 44 95 118 7 46 65 82 124 94 68 51 57 40 71 76 80 74 47 70 52 32 104 87 75 62 24 120 19 35 58 8 85 72 21 79 128 63 115 5 45 67 86 109 127 108 22 10 27 117 59 36 103 50 84 48 37 93 96 90 88 111 113 43 38 89 25 60 101 121 123 31 1 49 23 98 18 16 69 54 66 56 2 55 105 9 107 78 97 14 39 30 13
9 91 120 65 38 116 55 92 35 70 114 49 83 105 88 40 19 33 24 99 8 128 36 106 50 57 95 54 21 84 46 86 108 30 100 123 76 118 107 63 97 3 32 5 11 67 111 110 1 126 28 2 77 60 85 122 71 113 53 74 115 42 68 89 59 25 72 29 48 20 15 117 127 96 47 7 103 64 81 58 26 37 78 13 56 87 93 18 41 12 10 17 51 125 34 23 31 82 44 6 4 79 45 39 27 62 124 14 102 112 43 90 52 101 109 73 98 104 22 66 16 121 69 94 80 75 119 61
12 44 92 110 60 107 117 69 106 4 84 93 126 91 114 14 7 120 95 121 5 94 16 85 1 19 24 123 27 75 6 76 119 65 102 101 108 58 96 29 59 33 90 70 41 83 88 82 87 42 103 35 81 111 100 23 66 28 67 72 37 79 48 15 89 40 20 47 39 99 97 31 13 32 26 74 43 3 51 112 116 109 52 22 64 68 57 38 124 122 50 62 73 56 11 10 86 2 128 49 17 55 8 54 77 34 125 53 98 71 115 105 36 46 80 118 63 21 30 78 9 113 127 45 25 104 61 18
15 124 56 30 51 97 108 46 50 31 54 20 53 84 26 27 103 119 68 101 16 60 11 65 128 4 9 35 110 67 70 85 34 8 66 79 123 81 32 37 29 117 93 107 36 99 28 91 121 112 38 114 96 95 115 22 61 62 24 78 12 33 13 74 102 55 76 23 82 58 7 6 77 100 80 120 49 94 125 98 63 2 39 10 18 88 92 72 104 5 59 40 25 21 14 86 75 44 47 113 41 17 106 109 127 73 126 19 3 52 45 118 116 71 105 48 87 57 122 89 83 111 1 43 42 90 64 69

54 127 51 93 70 62 77 75 13 74 63 43 59 22 45 99 29 79 68 87 6 26 21 91 64 56 36 12 31 39 58 110 85 50 34 116 30 49 16 17 86 9 106 108 118 19 25 5 3 117 10 114 113 84 35 105 125 123 128 94 96 103 107 92 76 27 111 60 101 48 78 1 38 24 102 98 73 57 82 44 55 100 112 32 121 2 104 67 97 88 81 66 53 23 71 14 18 8 40 41 61 89 46 52 42 109 20 83 28 69 4 72 95 65 37 80 15 120 126 47 124 90 7 11 122 33 115 119
57 80 23 14 93 53 67 52 85 38 33 87 102 15 71 37 127 55 29 109 94 99 117 4 22 21 13 56 124 30 119 101 64 126 20 5 70 2 88 96 49 113 110 60 54 7 19 123 9 43 122 125 116 46 58 74 120 61 34 100 89 128 12 3 39 75 25 32 63 16 69 73 72 17 24 18 79 28 51 107 97 115 95 114 42 62 47 59 8 26 45 41 10 81 84 76 106 50 103 65 44 6 40 111 35 90 82 104 1 105 92 27 66 78 36 83 91 77 98 11 118 86 48 68 108 112 121 31
61 32 113 59 115 44 7 28 8 78 121 14 85 117 33 86 3 54 100 90 1 39 80 51 38 29 93 125 49 11 82 110 75 108 111 71 102 103 69 118 19 112 114 18 31 83 101 24 72 16 41 4 55 119 73 116 5 36 57 98 45 21 47 77 48 97 56 66 9 70 96 127 23 95 126 53 40 79 94 27 15 92 34 26 12 81 25 99 17 46 6 58 2 50 128 89 62 64 42 22 88 122 30 67 68 76 104 124 123 63 109 105 37 74 120 13 35 107 60 52 84 91 106 43 87 20 65 10
64 112 85 122 106 108 70 126 100 118 91 59 128 110 12 24 99 31 73 111 29 2 21 127 19 53 58 37 42 22 45 10 86 82 113 48 23 44 27 67 62 80 117 11 103 81 79 104 5 47 71 7 39 102 88 3 109 115 105 97 40 18 26 101 30 16 41 36 20 52 49 116 87 76 69 124 60 34 72 92 51 50 38 25 14 8 123 15 28 83 54 78 65 119 6 9 94 33 4 84 46 75 89 35 56 107 43 96 98 17 63 32 121 13 125 61 93 74 1 90 120 66 95 114 77 57 55 68
67 66 49 43 128 98 10 103 4 39 61 8 55 96 85 73 15 30 33 24 60 78 97 107 116 91 124 20 35 105 106 109 65 63 77 119 74 1 47 18 113 22 121 5 7 23 56 76 92 72 127 81 62 79 12 51 104 27 95 13 44 53 34 126 58 86 120 111 6 70 115 31 2 112 40 71 84 29 88 45 16 93 57 3 114 80 82 38 54 83 122 37 17 41 14 89 125 75 102 26 59 52 42 110 48 90 118 100 117 87 46 69 101 108 50 36 68 32 99 9 123 94 19 25 28 21 64 11
70 17 22 88 27 89 73 80 115 79 31 30 98 90 111 124 23 117 104 46 28 125 20 86 55 128 9 119 60 97 33 118 76 44 10 12 105 13 126 25 11 2 3 122 67 96 116 85 35 26 36 93 77 62 19 42 99 63 52 101 121 82 53 24 72 108 75 107 41 1 39 103 59 8 14 106 5 87 110 127 114 109 78 56 69 74 81 7 68 71 37 95 54 6 49 94 100 113 15 123 83 48 66 65 21 84 91 29 120 43 18 4 102 34 64 51 38 58 112 45 61 92 16 57 47 32 40 50
74 97 112 8 49 80 13 56 59 43 119 1 81 76 12 61 121 116 65 26 103 91 115 66 90 5 79 88 53 28 94 127 55 120 10 15 45 38 23 77 126 37 35 73 30 3 93 57 113 17 67 104 6 114 11 19 47 44 83 107 39 21 22 111 84 75 125 16 122 70 40 92 100 18 24 96 102 25 9 20 31 86 36 101 64 41 72 99 32 4 42 68 85 58 63 89 106 50 95 69 108 7 71 105 124 48 34 29 2 27 14 117 118 123 78 62 82 128 98 110 109 87 46 54 33 60 52 51
77 51 84 72 40 71 76 33 10 83 89 118 123 69 100 112 107 92 26 48 27 31 64 46 29 87 44 101 24 80 57 117 66 94 45 52 1 62 104 115 11 99 47 67 116 111 6 110 15 114 124 5 96 97 60 17 53 82 73 106 49 38 105 70 22 54 30 25 61 23 88 58 42 8 50 19 41 18 63 16 122 20 9 55 36 126 113 75 85 13 120 21 43 34 7 37 78 98 109 121 14 128 12 59 91 108 28 74 93 127 79 81 32 90 39 125 56 119 2 4 35 103 68 102 3 86 95 65
80 2 48 117 63 61 16 108 74 123 59 45 50 56 126 3 93 69 96 70 102 104 27 122 64 125 34 18 71 72 118 15 12 75 103 24 109 17 38 25 52 98 7 22 41 127 43 82 86 90 94 32 99 81 23 76 91 92 5 111 39 47 84 95 8 119 67 31 49 128 97 78 106 30 65 9 120 77 40 42 21 26 112 110 107 33 57 88 54 1 89 79 116 36 46 87 66 85 68 14 115 4 114 13 62 83 51 105 55 29 73 11 6 124 20 35 58 100 101 10 53 60 19 121 37 28 44 113
83 1 20 37 85 52 79 84 25 44 29 89 33 49 88 99 7 68 57 51 70 10 82 102 107 45 101 23 64 63 81 38 56 13 105 100 48 116 74 86 24 97 6 34 31 126 108 91 120 2 72 103 41 19 90 118 5 53 123 110 40 43 98 14 121 61 8 114 3 128 35 125 113 27 93 122 9 59 117 42 28 58 95 115 112 127 54 75 76 119 78 67 111 32 92 12 69 50 21 55 39 71 60 104 26 109 4 124 106 62 96 47 30 87 36 16 15 17 73 94 11 77 66 22 46 18 80 65

40 60 65 39 12 33 46 30 95 61 56 27 52 81 103 14 48 54 82 67 77 127 121 29 68 8 128 10 7 117 102 9 69 2 1 41 116 108 98 28 37 64 36 104 38 49 70 25 20 16 86 44 85 74 126 15 84 119 76 80 88 92 105 87 72 23 89 96 90 4 32 45 13 62 94 34 26 114 120 101 5 24 111 118 91 122 107 78 110 19 71 123 97 17 3 43 79 11 42 58 109 73 83 100 18 22 35 66 125 115 51 113 59 47 53 75 55 63 31 21 124 99 112 57 93 50 6 106
46 92 128 22 26 15 99 81 110 65 114 115 78 61 41 68 20 30 113 69 76 59 33 93 42 106 84 25 32 100 126 95 91 117 101 89 87 72 21 121 6 34 124 49 73 64 107 44 88 50 19 127 104 116 82 11 45 67 1 27 74 66 58 71 96 102 24 18 122 40 12 94 118 108 3 4 83 119 56 86 48 90 47 55 7 70 5 63 28 77 98 62 2 57 111 43 16 80 31 38 36 85 23 79 14 75 54 112 13 35 125 39 123 51 9 53 37 29 60 105 120 52 8 103 10 17 109 97
49 45 92 68 48 6 39 58 62 105 84 34 121 47 117 119 70 29 74 91 44 106 88 72 77 27 5 112 57 20 89 85 17 30 103 67 35 37 65 33 3 116 128 86 101 63 15 102 75 122 12 61 107 41 97 83 4 25 123 90 127 54 113 96 108 69 111 53 100 13 124 11 14 31 46 22 114 40 21 32 42 10 60 95 9 50 52 7 82 56 118 79 64 28 125 36 76 98 8 73 38 115 66 93 19 24 2 104 110 43 18 109 80 59 1 26 81 126 87 99 55 120 51 94 78 71 16 23
53 124 64 113 71 69 102 34 125 26 54 78 48 41 29 55 56 116 35 4 120 72 51 44 21 3 115 2 50 83 52 94 81 22 67 45 43 37 11 92 16 84 36 123 122 12 32 111 61 27 49 8 110 76 112 9 62 87 20 89 25 59 127 121 23 91 98 103 86 10 75 74 28 57 97 5 101 19 109 42 14 82 119 100 96 38 105 6 17 104 77 30 99 106 31 46 95 47 73 18 60 70 39 80 79 85 118 24 68 65 63 117 1 108 13 66 33 128 58 40 114 15 7 90 126 93 88 107
